# Created by Octave 3.6.4, Sun May 26 23:13:22 2013 CEST <jdrf@frant>
# name: dat
# type: scalar struct
# ndims: 2
 1 1
# length: 1
# name: buf
# type: matrix
# rows: 2
# columns: 101
 -1.443137962706234e+70 -4.371208996598625e+166 2.914641324679813e-50 1.169817985660235e-30 3.463867426943319e-141 4.82949938982368e+217 -2.173139193905037e-245 3.111830655466978e+237 -6.843893294653657e-14 5.601175330308602e-152 -5.095412095028474e+210 7.600378466749834e-100 3.05246610004293e-172 -1.055337619614218e+182 -6.497200273678468e+252 -8.738774471140338e+21 4.263358263456473e-248 1.274248780123536e+47 5.299077530296846e+213 3.711103718971419e+155 -1.063685639791684e+282 2.774184822658295e+142 6.448232303861637e-96 2.803125121223361e-49 2.367078889887357e+185 -1.728533024530613e-93 1.215832145652583e-65 5.460274870143065e+130 -8.079524394863172e+240 -1.858269652171247e+236 4.655896903779653e-308 -1.936665890468722e-99 -6.93752593711457e+207 3.048441516982567e-80 659491176879239.9 2.400650580022657e-160 2.191786107040598e-220 5.734193707852296e+171 1.178157370721321e-14 2.136109111972045e+134 -2.24846373066879e-290 1.022902083936617e+82 -1.00446429155697e-75 -5.644707087838805e+18 1.265088159185475e-145 -1.065739946041318e-166 -1.435537064182114e+47 -2.117321383845441e-293 1.042401719113635e-179 1.357118246907293e-189 4.435246102241403e-107 -1.995599379698495e+239 1.231978671967214e+19 2.57393527408512e+34 -5.385951812501139e+66 -3.240792851445531e-37 -2.738993722108391e-161 2.868154980295926e-33 -0.001754354401980837 1.253309214553092e-222 -7.61945244207056e-297 -8.320359102119233e-19 -3.599391312404437e+109 -1.09796018007231e-18 1.465425566577231e-05 9.75040091190606e+142 -1.404452404515467e+105 -1.968930350970584e+125 -4.552265244177409e-306 -1.987174013485111e+31 2.021781899588699e-58 -1.840135969256422e+235 1.895761399556289e+229 -7.635225439271159e-296 -2.516548009077866e+253 -3.727436439231747e-39 -1.076181372971469e-286 8.996909603185836e+62 1.886717120934789e+252 2.668103552407671e-242 -8.948166614852988e-214 -4.806964613073615e-256 -9.595212962115959e+303 1.396433531107673e-49 5.689639688202059e-78 1.317035798234461e+145 2.242246648288168e+38 -878018338.788597 4.302189614586559e-201 1.391417779215034e-291 3.998849121245924e+268 2.250851593509433e-111 1.317692221420552e-262 -3.450355392300104e+109 2.652081759080348e+111 -8.923328976672453e-220 -4.78545540719383e-199 4.702277246047293e-83 -6.145019681688008e-61 6.773629987969582e-59 -2.699793830650078e-282
 -3.327414761476219e-245 -6.281275684094571e+131 -9.243706857388185e+244 -5.22356762451119e-283 5.235096335266677e+97 -1.637138534675138e+252 -1.050486479578402e+294 5.365873955316722e+110 -1.10426010891344e+282 6.99437983152844e-140 1.04121473780955e+37 -2.558600749415446e+203 6.891462550519779e+245 4.008241067027576e+92 -1.101766589497486e-281 2.540069735502136e-259 1.596812286747181e-289 1.849072475526819e-131 -3.61193321780614e+196 3.170862008016906e+114 -4.720981647115596e+197 2.110290665594776e+282 3.076987580453397e+59 -1.996743901906287e+205 1.053627149352057e+143 -1.549755550806801e+31 1.097297429381442e+279 0.0007759292286159332 1.36857059307459e+303 8.03545198642432e+248 6.009622956797371e-47 -3.255953243544693e+132 -1.446749482074939e+215 -3.302724545777126e+153 -7.04220092221562e-253 5.998436309548095e+85 -1.445001766045933e-142 -1.135823058175735e-225 -7.19971556563023e+74 4.477467256359318e+220 2.227887179008716e+272 2.756922292044601e-297 2.751128440085099e-255 -3.193481288449539e+104 -2.458546434453864e-276 0.3942073160095311 -1.398677547937725e+283 4.572498082725857e+26 -1.302713981002225e+53 -6.54854556940083e+285 -3.557900452182497e+80 -6.615435919544473e-158 -4.546279921810659e-246 -3.103456151760681e+298 1.019218972907926e-287 -1.924226044031008e-267 3.619369658744229e+19 6.035596075747639e-115 -6.631027051992963e-166 -1.589455243878664e-299 3.296724606215946e+18 6.358910669683494e+68 -2.817726302830006e+193 -1.350908195317944e+211 2.742070296192213e-104 -4.907704583408372e+20 1.520059388770876e+53 2.579047251268972e+129 4.394190830739346e-251 -1.049785542343744e+98 1.449543850465858e+147 2.815250442326569e+260 -88825.22756282891 3.487262221601532e+34 -9.732553075308765e-110 -3.288251493958905e+60 4.988704067539888e-231 7.259614149081128e-294 -1.77994350179918e-130 2.241678669590817e-26 1.24541938157218e-114 -6.308267129851754e-86 -2.648179107993617e+292 -3.550046593039825e-131 -1.646653764776362e-66 603460379215.8046 2.622269316571152e-300 7.39075445098035e-206 1.670642842574313e-24 -1.192770269359882e+18 -2247253396780496 -1.940953056683804e+61 5.147206180310937e+248 3.594241438332496e-265 2.632072228738133e-178 -1.713732328461674e-09 -9.006897244078739e+62 -2.965917967264313e+172 5.362751927142474e+118 -7.415659604746186e+217 -2.706270043944813e-150




